1 0.2296875 0.6796657381615598 0.2375 0.5877437325905293
1 0.0578125 0.7966573816155988 0.1140625 0.38440111420612816
1 0.5015625 0.6434540389972145 0.234375 0.6350974930362117
1 0.6640625 0.7158774373259053 0.1984375 0.4818941504178273
1 0.9109375 0.7186629526462396 0.175 0.3955431754874652
1 0.365625 0.28969359331476324 0.1703125 0.39275766016713093
1 0.734375 0.26740947075208915 0.1890625 0.3398328690807799
1 0.5921875 0.15877437325905291 0.1921875 0.31754874651810583
1 0.2578125 0.11977715877437325 0.1859375 0.2395543175487465
1 0.4390625 0.0807799442896936 0.109375 0.15877437325905291
1 0.9109375 0.10027855153203342 0.128125 0.1977715877437326