1 0.3609375 0.6145833333333334 0.19375 0.375
1 0.1421875 0.6020833333333333 0.1625 0.28125
1 0.56875 0.5604166666666667 0.159375 0.3020833333333333
1 0.7359375 0.6395833333333333 0.171875 0.4166666666666667
1 0.915625 0.6083333333333333 0.165625 0.3104166666666667
1 0.9203125 0.07916666666666666 0.1359375 0.15
1 0.603125 0.25416666666666665 0.153125 0.2625
1 0.2140625 0.24166666666666667 0.1234375 0.27291666666666664
1 0.340625 0.21875 0.11875 0.2604166666666667
1 0.7 0.052083333333333336 0.0875 0.09791666666666667
1 0.4796875 0.25 0.140625 0.2604166666666667