1 0.2999788367448423 0.4113473127750316 0.20012830678880889 0.29871070851668763
1 0.27171449882164966 0.789012056349241 0.2886544756031114 0.21015222729976807
1 0.6372459908266178 0.11656930094921454 0.32449198165323556 0.19442906821223901
1 0.5749122216942866 0.8138634536109528 0.3434601502711466 0.2326930721665718
1 0.17221290592848723 0.4678453690870915 0.20027375253408275 0.3237107085166876
1 0.10994523096586459 0.6394856057412186 0.2138908249391815 0.2477212114824372
1 0.05686918617910826 0.37722834486680373 0.11052038524403182 0.20133168973360743
1 0.6038941771039219 0.4252930435348407 0.2451771863754999 0.2552445514063251
1 0.702050396853301 0.5152097307969902 0.3464124334486337 0.20313290615896057
1 0.6810218420093996 0.918037017318796 0.23383062021691714 0.16392596536240803
1 0.8844255178557849 0.1789724363479284 0.20322603571156997 0.2941505425090765
1 0.30710449375348403 0.15935373125410074 0.32925220452587267 0.20712006920082224
1 0.5537618460164204 0.2662562831547174 0.33991699375348394 0.1606907381741829
1 0.5365486375817229 0.6638979457022876 0.34771131303532493 0.1578840731551548