1 0.03064487556031361 0.6491228070175439 0.0365572771178887 0.10526315789473684
1 0.1093836409997198 0.6787280701754386 0.10397209765100213 0.1162280701754386
1 0.20919342438581467 0.7072368421052632 0.10558006175762476 0.11842105263157894
1 0.30001465267820226 0.7543859649122807 0.13384145407749282 0.125
1 0.08188311513547235 0.5581140350877193 0.06386392319868044 0.06578947368421052
1 0.17394859468150123 0.5899122807017544 0.08793792069139794 0.09649122807017543
1 0.2534458780675961 0.618421052631579 0.07709134890464338 0.10087719298245613
1 0.34457098324044555 0.6425438596491229 0.09115384890464337 0.10087719298245613
1 0.4298074527573446 0.7971491228070176 0.10231866943775678 0.1118421052631579
1 0.5176962461725693 0.7028508771929824 0.17675637978345565 0.1600877192982456
1 0.5406229323033734 0.8289473684210527 0.10030152837152997 0.08991228070175439
1 0.9257995658477529 0.9429824561403509 0.09611413354437914 0.11403508771929824
1 0.9341683438235714 0.819078947368421 0.08343227711788863 0.10526315789473684