1 0.028125 0.7697368421052632 0.05625 0.09210526315789473
1 0.1234375 0.7741228070175439 0.090625 0.09649122807017543
1 0.225 0.7785087719298246 0.0921875 0.09649122807017543
1 0.31875 0.8026315789473685 0.121875 0.09649122807017543
1 0.084375 0.6622807017543859 0.05625 0.05263157894736842
1 0.178125 0.6710526315789473 0.0765625 0.07894736842105263
1 0.259375 0.6798245614035088 0.065625 0.08552631578947369
1 0.3515625 0.6820175438596491 0.0796875 0.08333333333333333
1 0.4515625 0.8135964912280702 0.090625 0.09210526315789473
1 0.528125 0.6995614035087719 0.1609375 0.12280701754385964
1 0.5640625 0.8179824561403509 0.090625 0.06798245614035088
1 0.95625 0.8486842105263158 0.0796875 0.11842105263157894
1 0.95 0.7127192982456141 0.071875 0.08991228070175439