1 0.24455072070786898 0.6671150764275067 0.27948716282947866 0.6398320093620747
1 0.07963064697387592 0.7447367024082117 0.12395125241907441 0.40869346052672983
1 0.5171159654461971 0.6731053262421632 0.2810342522779001 0.6537893475156736
1 0.6794941390813681 0.7671904216560786 0.2336594523626047 0.4656191566878427
1 0.9122937801134388 0.8183041979248598 0.17541243977312249 0.36339160415028043
1 0.3831372656438412 0.30794335136013473 0.1994062787274336 0.429628205389086
1 0.752660810368052 0.36607214219801143 0.21339318401734034 0.3809487563440455
1 0.6110655735928188 0.22787747763838015 0.21579014192396553 0.35895659912556654
1 0.27625095783603804 0.13550183143423591 0.20250191567207612 0.23830354431860767
1 0.4572811499576477 0.12186814420993032 0.12081229991529537 0.16957709099427593
1 0.9296342920933748 0.23830531817604986 0.14073141581325038 0.22718517213823008