1 0.23125 0.6928193200931047 0.24375 0.6011566137637249
1 0.06015625 0.8078156490995392 0.1171875 0.3843687018009216
1 0.503125 0.6538908334736637 0.240625 0.6484455493989946
1 0.66640625 0.724130297505751 0.203125 0.4916787937353231
1 0.91171875 0.7236480144824816 0.1765625 0.4047768079164527
1 0.36328125 0.30140775050574425 0.1734375 0.40192646778570584
1 0.73203125 0.27563089429043497 0.1921875 0.34939062556183126
1 0.58828125 0.17097764381924893 0.1953125 0.3216002971689014
1 0.25390625 0.13200796292124306 0.1875 0.24901483681417874
1 0.43515625 0.09119955679983309 0.1109375 0.16386116934903905
1 0.90703125 0.11213016445349205 0.1296875 0.18931975609452376