1 0.35224448004491615 0.6187646646418514 0.22755460344286255 0.4025734602321298
1 0.13313981597976557 0.6390949483288888 0.18754467313564324 0.30557636398101856
1 0.5581968688823232 0.5343117037764347 0.18647324645662094 0.3242778738594448
1 0.7285168033658938 0.5883527904032863 0.20984131378714893 0.4415749121065744
1 0.8994394277753306 0.529966612212499 0.18049606496827514 0.33450058003981503
1 0.8899057481859014 0.044587254814258806 0.1483135036281972 0.08917450962851761
1 0.5803620786784552 0.22450029268226784 0.1776240361123346 0.28445208991824095
1 0.1912078094411616 0.26988342122675907 0.14810022721932725 0.28978077760833354
1 0.316408706083117 0.22852845656162 0.14308534500534212 0.27713530724361124
1 0.6692212259533828 0.03199288741263854 0.09593254809323426 0.06398577482527708
1 0.4566517601668011 0.23874767895328652 0.16501490870767305 0.27989750227898164