1 0.29921875 0.3856448010036411 0.19375 0.294265899089026
1 0.2625 0.7650520480084163 0.284375 0.20368059382421572
1 0.64375 0.08219490798988277 0.321875 0.16438981597976554
1 0.56484375 0.7716814716073956 0.3390625 0.2243403234057956
1 0.1703125 0.44952130644593674 0.19375 0.31926589908902603
1 0.10390625 0.624496513794998 0.2078125 0.24319447241000383
1 0.05625 0.36522320671608915 0.109375 0.19913195916315996
1 0.603125 0.38128216090028966 0.2390625 0.24897324645662094
1 0.7 0.46539921135577667 0.34375 0.19481651451278842
1 0.66875 0.8805529854023938 0.23125 0.1799504279449664
1 0.890625 0.13148060145912804 0.196875 0.2629612029182561
1 0.3125 0.13283725953382883 0.325 0.19884925008481796
1 0.55703125 0.22507929011904987 0.3375 0.15241075970346482
1 0.5296875 0.6244716549098399 0.3453125 0.1511210782151192