1 0.012883366084160908 0.7222313404520955 0.025766732168321815 0.09797145283401551
1 0.08954538927868447 0.7404661038229046 0.09836851581733079 0.10837673412212505
1 0.18991280380342093 0.7580127138315305 0.09993101581733077 0.10842777635536081
1 0.28114529886050504 0.7939189424345521 0.12968218281352523 0.11159056124298254
1 0.05929415657889001 0.624237116860965 0.061030341901054184 0.058957148722612374
1 0.15175357060933486 0.6448179893876219 0.08217051285158128 0.08812946968450319
1 0.23174481813787695 0.663894032820322 0.07298651384016441 0.09440216365350888
1 0.323613983156905 0.67787043686194 0.08698534684397004 0.09266856129649145
1 0.4124762119023668 0.8223548181605268 0.0982411818249421 0.1039907692098441
1 0.49759531121779477 0.7186748862826028 0.17119852076024672 0.14361941369308023
1 0.5245305429290059 0.8413807361464919 0.09597834486680376 0.07981691995906447
1 0.9115875325488826 0.9231691995906445 0.08956651878308008 0.12780732282797283
1 0.916316136312935 0.7872298084265607 0.07936384783255335 0.09899229749873291