1 0.36046688485124834 0.6305538467029884 0.20479762607064966 0.3959475985650153
1 0.14239814090137257 0.5941011031146323 0.17157605991206687 0.30015990956605115
1 0.5696464421310365 0.5987645765059016 0.16853287314378348 0.31871584394710245
1 0.7348674420328407 0.6954598712387923 0.18466693325224207 0.4363528387085137
1 0.9139132903964569 0.6847921607330943 0.1721734192070862 0.3295206418516671
1 0.930514201795398 0.1567413713753841 0.13897159640920406 0.16488592004322838
1 0.6105067497054124 0.29721779569504586 0.1605476563212706 0.27864734656639656
1 0.22208914431921817 0.24185514254063845 0.13246810811666876 0.2873174226625227
1 0.34936017144658116 0.2330966498461416 0.12616356596219108 0.27442929142462474
1 0.7119869155928488 0.1056567780489574 0.09107042759490121 0.10771123628285295
1 0.48702379791001427 0.2791355370798955 0.14803856596219092 0.27578775075726747