1 0.503125 0.08958333333333333 0.0984375 0.09791666666666667
1 0.1296875 0.45208333333333334 0.109375 0.14583333333333334
1 0.278125 0.13333333333333333 0.0609375 0.0625
1 0.3140625 0.7770833333333333 0.0578125 0.05416666666666667
1 0.796875 0.10625 0.0765625 0.10416666666666667
1 0.5328125 0.6333333333333333 0.065625 0.08541666666666667
1 0.8921875 0.64375 0.053125 0.05416666666666667
1 0.646875 0.7229166666666667 0.0453125 0.025
1 0.7078125 0.9770833333333333 0.0484375 0.035416666666666666
1 0.3890625 0.3145833333333333 0.05 0.022916666666666665
1 0.7078125 0.28958333333333336 0.0484375 0.03125