1 0.303125 0.3890625 0.184375 0.28125
1 0.253125 0.765625 0.278125 0.184375
1 0.6578125 0.0984375 0.315625 0.165625
1 0.5546875 0.79375 0.3328125 0.2015625
1 0.171875 0.44375 0.1828125 0.30625
1 0.1 0.6140625 0.2 0.2296875
1 0.0609375 0.3515625 0.103125 0.1921875
1 0.60625 0.40625 0.23125 0.2328125
1 0.7 0.496875 0.3375 0.171875
1 0.6546875 0.909375 0.225 0.1640625
1 0.903125 0.159375 0.1875 0.2859375
1 0.325 0.1375 0.31875 0.1765625
1 0.565625 0.246875 0.3328125 0.1296875
1 0.525 0.64375 0.340625 0.1265625