1 0.5280873259880555 0.07522851545305496 0.10657861474138901 0.1115821714787964
1 0.12722876833302058 0.40520484954462954 0.12151393692972232 0.16201858257296303
1 0.30121570146302074 0.0999679164146293 0.06526263050895835 0.07073809498453712
1 0.28370993199263844 0.7449535435675921 0.06199216014423614 0.0623077814080555
1 0.8186025700041318 0.11722677444615649 0.08477634992375016 0.11506997644342602
1 0.5131084508943399 0.6201898975452309 0.07194904160312507 0.09593205547083343
1 0.869230511114826 0.6611932380988879 0.057304660144236054 0.06216231104333332
1 0.6191207551309024 0.7199690791566197 0.04738414627652787 0.030621370313888955
1 0.6577435779848259 0.967593934146666 0.050400043502986235 0.024468350557037156
1 0.3962891992788192 0.28962137208879585 0.052071646276527786 0.030766840678611136
1 0.715602243731736 0.29220514222689736 0.05065461664125 0.03905168389037049