1 0.45934718065722774 0.06080622644417634 0.10881247334499947 0.12161245288835268
1 0.1235796666136388 0.5118803377058138 0.12487382535009015 0.17320878034033385
1 0.24063299598186444 0.16120165460651795 0.06782384667409058 0.07761153022743912
1 0.3374678019175947 0.785300176391853 0.06306362133990877 0.06895064827358675
1 0.751852853994273 0.03146548771406177 0.08691929201145392 0.06293097542812354
1 0.5406302592695938 0.5878822523762023 0.07427384134309048 0.10096492838813115
1 0.8981524052753208 0.5066839657800045 0.05835794000636341 0.0665397663197344
1 0.6626956159293669 0.6470197301392883 0.047165901336727066 0.036608819538523345
1 0.747314421904868 0.8815850806596865 0.05194430800445442 0.04735303482570904
1 0.36815746463241067 0.3105274008755786 0.051835220003181706 0.034853034825709034
1 0.6813847179742284 0.20535749284097807 0.051907945337363516 0.04318636815904243